280
9
344
434
75
469
344
233
217
404
217
7
453
240
210
373
16
401
205
136
144
239
372
189
99
322
329
427
78
329
446
74
422
401
313
321
279
63
315
94
10
403
361
197
493
491
263
399
344
351
113
22
313
496
164
291
352
167
274
359
206
54
248
148
481
220
298
2
498
179
91
9
383
492
20
65
356
303
207
374
434
71
325
494
273
132
312
243
495
358
277
378
55
188
366
14
269
462
196
155
460
289
113
487
478
443
454
153
68
407
169
347
9
436
280
391
159
252
101
48
239
149
477
413
79
178
391
273
317
385
374
228
205
424
260
273
152
164
25
453
17
39
251
132
96
22
6
371
33
208
404
321
377
397
450
339
265
206
77
378
266
206
333
129
199
320
228
485
172
465
393
341
131
38
343
287
60
222
191
482
297
74
235
376
412
129
264
8
279
103
146
333
198
407
40
70
49
377
201
144
115
333
114
423
37
436
306
153
274
313
79
6
203
149
226
4
322
18
475
443
81
315
264
120
272
317
312
269
340
190
463
85
312
148
158
455
115
188
373
45
49
376
48
27
390
108
253
127
224
168
55
45
4
350
235
178
285
115
373
133
180
351
297
280
155
483
62
428
234
248
371
368
192
460
65
141
486
442
6
40
452
322
411
344
223
149
314
213
270
66
451
204
136
387
488
254
144
78
411
46
49
25
410
268
347
428
345
256
310
116
91
216
455
352
165
185
149
387
321
78
430
432
253
150
446
80
124
493
285
150
441
434
290
29
389
212
165
158
457
215
333
154
482
53
261
312
424
426
436
97
324
392
271
130
137
134
279
172
308
145
199
88
170
67
464
24
158
390
66
326
206
24
128
409
189
142
13
163
300
137
299
18
356
207
135
75
81
345
302
402
233
464
235
449
489
344
31
182
499
271
451
268
152
115
89
172
34
484
257
406
483
280
175
46
269
109
160
91
167
358
128
181
365
138
29
204
136
157
326
290
149
457
432
432
303
400
456
130
371
383
459
140
42
75
201
105
92
213
375
58
199
337
72
19
369
99
199
65
19
496
157
147
419
329
32
105
174
312
440
132
334
137
232
81
497
249
221
188
400
235
340
302
495
15
91
280
364
352
202
127
329
352
185
452
103
107
124
275
350
80
